Template: NONE
DangerType: Blizzard
WaveSpeed: 0.5475517
WaveLength: 0.9578075
WaveAmplitude: 9.126682E-05
SecondWaveLength: 0.1666667
SecondWaveAmplitude: 0
Palette: 1
EffectColorB: 9
Effects: Coldness-0.7602693-20-20, Fog-0.358141-84.78232-86.17778, 
PlacedObjects: SnowSource><35.65967><527.2582><Radial~293.8322~140.5334~31.50214~147.7581~0.7989356~0.4794617, SnowSource><-105.5123><139.8427><Radial~0~100~50~86.60254~1~0, SnowSource><319.948><196.8572><None~0~100~140.3552~34.69139~0.5592054~0.8221356, SnowSource><148.7313><181.6894><Radial~0~100~95.53329~117.8914~0.5978718~0.3634624, SnowSource><766.7111><366.1671><Radial~-276.0458~92.88889~50~86.60254~0.7216027~0, SnowSource><1006.128><195.116><Radial~-82.52905~92.88889~50~86.60254~1~0, SnowSource><158.1346><70.05943><Radial~0~100~-93.71454~382.4247~1~0, SnowSource><1640.473><409.9462><Radial~-244.7416~109.2444~-130.7104~-10.10861~1~0.3711959, SnowSource><1252.706><153.9925><Radial~-84.66354~144.8~-106.5209~-47.08633~1~0, SnowSource><1583.731><187.807><Strip~-96.7583~112.8~74.901~274.3359~1~0, SnowSource><1361.809><527.0769><Radial~-133.7542~71.55554~50~86.60254~1~0, SnowSource><1062.275><529.569><Radial~99.60419~70.84448~50~86.60254~0.8840014~0, PlacedWind><-197.9454><-18.1449><-32.01563~753.2444~2362.912~740.4444~2332.319~-19.2~0.3247963~Creatures~Vertical, LocalBlizzard><1154.333><278.5782><-2124.415~559.3777~50~86.60254~1~1~0.2397308, ClimbableArc><1511.61><178.6126><0;0^0;40^21.50214;126.0445^41.42298;56.88887, ClimbableArc><1530.116><287.9428><0;0^0;40^-125.7697;59.91113^-126.4811;-4.977753, ClimbableArc><961.6702><275.318><0;0^136.6;-170.489^111.8573;127.4667^0.1584473;73.24445, ClimbableArc><391.5928><180.5041><0;0^0;40^101.8969;3.022324^101.8969;-36.97767, SnowSource><713.4681><39.28311><Radial~119.525~35.28888~50~86.60254~1~0, SnowSource><278.2941><-20.49677><Radial~-16.36359~175.3778~50~86.60254~0.8762678~1, FirecrackerPlant><683.289><652.3072><-421.8948~-109.5111~2~3, FirecrackerPlant><642.8571><635.5491><0~0~2~3, SnowSource><1213.153><516.0351><UnSnow~0~100~50~86.60254~1~0, LanternOnStick><1207.972><591.7781><-19.20938~-82.75552, SnowSource><1974.292><503.1813><Radial~-102.45~127.0222~50~86.60254~1~0, LanternOnStick><1275.646><629.7465><14.22922~-106.9333, 
AmbientSounds: OMNI><AM_WIN-HowlingWnd.ogg><787.925><547.8329><0.7938631><1, 
FadePalette: 0, 0.5490602, 0.510394
