Template: NONE
CeilingDrips: 0.6195652
RumbleIntensity: 0.8913044
WaveSpeed: 0.5760869
WaveLength: 0.5217391
WaveAmplitude: 0.08695652
SecondWaveLength: 0.1666667
SecondWaveAmplitude: 0
Clouds: 0.2934783
Grime: 0.2826087
WaterReflectionAlpha: 0.4130435
Palette: 18
EffectColorA: 3
EffectColorB: 8
Effects: Darkness-0.5326087-20-20, WaterLights-0.2282609-374-197, LightRain-0.6521739-406-349, Flies-0.8260869-543-476, Moth-0.4456522-815-481, 
FadePalette: 28, 0.2826087
