Template: NONE
Clouds: 0.3152174
Palette: 3
EffectColorA: 0
EffectColorB: 14
Effects: SkyAndLightBloom-0.1195652-20-20, Darkness-0.2826087-194-155, Fog-1-416-293, 
PlacedObjects: EEGhostSpot><1362.511><577.6832><, 
FadePalette: 6, 0.3369565, 0.326087
